REAL_DATA
2021_02_06-115847
10
 
[[0.4489324949165005, 0], [0.5696814321151479, 0]]
[[0.5017011266133196, 0], [0.46658793649091773, 0]]
[[0.44958962250812, 0], [0.47164190421504915, 0]]
[[0.5519191398034122, 0], [0.4174522643345875, 0]]
[[0.41285223812663896, 0], [0.4336548895510315, 0]]
[[0.4093100780902756, 0], [0.5395474841259027, 0]]
[[0.4200525644610594, 0], [0.5082338065082712, 0]]
[[0.47499525100709505, 0], [0.4035690172893769, 0]]
[[0.5131590837760082, 0], [0.5253097004047853, 0]]
[[0.4429388976710562, 0], [0.5004658110311393, 0]]
